1 0
2 0.05080647539291717
3 0.04338865096359604
4 0.03761360052750674
5 0.03380318798577371
6 0.029220144236645148
7 0.025658263305321966
8 0.02483881913810682
9 0.024111896657065115
10 0.023196104471005567
11 0.021154776624912504
12 0.020684828955505948
13 0.019252334433158855
14 0.017619862390331052
15 0.017545271629778616
16 0.017035729567821907
17 0.01685334119331356
18 0.01756087050204692
19 0.0158518659517994
20 0.016783140423673227
21 0.015973932676518837
22 0.01606652181364827
23 0.016125448862021826
24 0.014803167236606359
25 0.014319783197831955
26 0.014277331292256681
27 0.01405578158345686
28 0.014937001165814708
29 0.014345100177184171
30 0.013324258923169964
31 0.014879100485781326
32 0.013550262565641397
33 0.013918252290345353
34 0.0147058823529412
35 0.01361292180423569
36 0.012995716805240594
37 0.013355460723881768
38 0.011013722701029204
39 0.014560693231053327
40 0.013299935358758865
41 0.011485764260033017
42 0.011748018870833467
43 0.013087131293478464
44 0.011128005915495889
45 0.012812911725955198
46 0.013352759246479062
47 0.011948382162181713
48 0.012681159420289845
49 0.013312547241118657
50 0.011661129568106313
51 0.011933982225983911
52 0.011608645236662905
53 0.014262763461766656
54 0.012120571499039869
55 0.010445305182147289
56 0.009716560811451311
57 0.014243943191311613
58 0.011462961804034454
59 0.01175291858414903
60 0.011104262968669744
61 0.009433681073025337
62 0.010395502240529935
63 0.010250999498311321
64 0.012143592004703115
65 0.008707264957264954
66 0.011593168736025873
67 0.010005071063415699
68 0.011120866256950544
69 0.010043997609038615
70 0.015514147688060732
71 0.00984543625388696
72 0.011037466629844424
73 0.010996474192243224
74 0.009148041747313467
75 0.010618930618930617
76 0.010899830220713076
77 0.009358288770053477
78 0.01262878535605808
79 0.010087633885102238
80 0.01000207511931936
81 0.008539094650205765
82 0.012969727120781677
83 0.011826844915296284
84 0.012118555082865154
85 0.009587231118862638
86 0.008320304866132498
87 0.009323525887417158
88 0.009420715778474401
89 0.008020470701048553
90 0.010389187428757532
91 0.011316461316461314
92 0.011719467823146755
93 0.008512835541786161
94 0.007394996433714185
95 0.008380974833500324
96 0.011491228070175441
97 0.00841533895657607
98 0.011160202912780233
99 0.01081760265433735
100 0.012657610588645073
101 0.008291003013344815
102 0.009339680771146167
103 0.009426257192510577
104 0.008138206739006282
105 0.014074074074074074
106 0.010041752550076631
107 0.012189919283735588
108 0.010798779653376478
109 0.013081889228678218
110 0.008317116115281253
111 0.011607971607971607
112 0.009759759759759757
113 0.009129929448228049
114 0.01170709601077556
115 0.006153063818967708
116 0.008813450417648321
117 0.011776163200451056
118 0.0066988880548202595
119 0.008283720267768125
120 0.01036002636348657
121 0.00817722681359045
122 0.009593486493635525
123 0.010779021724643473
124 0.010667168382763773
125 0.004799007444168733
126 0.00905982905982906
127 0.008936382952130983
128 0.013656496062992126
129 0.008103774455518645
130 0.010232558139534885
131 0.012534030854641541
132 0.011527488626725268
133 0.009239006607427661
134 0.010899450117831895
135 0.007506328009077421
136 0.014756158873805934
137 0.0077665243856237225
138 0.007918121231355126
139 0.007273684158263448
140 0.010633251640445884
141 0.007290611279972982
142 0.005488407196528263
143 0.010924521487901769
144 0.005648591174906965
145 0.008524904214559387
146 0.007526373799401669
147 0.0059346016705167995
148 0.006218703697695294
149 0.010050624144583877
150 0.009810432120569883
151 0.007796173657100809
152 0.006778448386564179
153 0.008263100561862172
154 0.007512095747389867
155 0.010512068576584706
156 0.005893300248138958
157 0.007068634656214274
158 0.004690516051619389
159 0.010929521079986806
160 0.009342932803707385
161 0.01070910973084886
162 0.007250636880266509
163 0.009088843444671665
164 0.010284624099527585
165 0.014285714285714287
166 0.01067907995618839
167 0.009661862558478963
168 0.006616019661357557
169 0.004827650981497136
170 0.008005569091541941
171 0.006104040056568437
172 0.013980688154494766
173 0.01085719406730295
174 0.006118590730908849
175 0.010253603357051633
176 0.003376623376623377
177 0.006400379281735213
178 0.00526883768171142
179 0.008308858267066198
180 0.014669977239809642
181 0.009738665263527142
182 0.011209784690447673
183 0.009527812806501333
184 0.011690317285470526
185 0.005301455301455302
186 0.004690496948561465
187 0.0030214165111525815
188 0.014742454041577946
189 0.0066669168324014665
190 0.008688387635756056
191 0.006003720033066961
192 0.005581006399069225
193 0.009499136442141624
194 0.003204957000160248
195 0.012635474491144594
196 0.0066195709052851905
197 0.008028592147518906
198 0.005024867969030406
199 0.007063288470323646
200 0.005541995692749461
201 0.007711442786069651
202 0.013097876951874293
203 0.003080849956916874
204 0.011204481792717087
205 0.006094904086295765
206 0.005246777849193195
207 0.006769538639525975
208 0.010099250588381023
209 0.006643356643356644
210 0.006657138714554983
211 0.008987813134732566
212 0.007772786991243576
213 0.011729707384769835
214 0.007941731385195912
215 0.006851771354053467
216 0.00855297157622739
217 0.005020765773453946
218 0.005596061233823885
219 0.004239453730467932
220 0.00561782205617822
221 0.004272198389845449
222 0.003709591944886062
223 0.008248770580609145
224 0.0014528232817790795
225 0.0018783068783068781
226 0.009128154703375942
227 0.0038149445579955116
228 0.00942402813200402
229 0.0064395583816406615
230 0.01005505980634137
231 0.00906738189346885
232 0.0075197790715032095
233 0.005901287553648069
234 0.01922159862074025
235 0.007383160574649936
236 0.004318427695636495
237 0.007652149038117714
238 0.00299613516292593
239 0.008032222651961761
240 0.0061947931194793115
241 0.00647554381994216
242 0.00703483615592254
243 0.01111111111111111
244 0.001990150441880861
245 0.008390022675736962
246 0.005780653724904597
247 0.013371844244758235
248 0.008563592604339634
249 0.008188668653107052
250 0.01216599732262383
251 0.004736254980079681
252 0.004300259280338961
253 0.011755756320973712
254 0.005742118203603996
255 0.007731202717307395
256 0.03207720588235294
257 0.007001864461738002
258 0.004064488884867131
259 0.0034270150549220316
260 0.002762102762102762
261 0.002888299440023578
262 0.004231132949216655
263 0.006617711084666067
264 0.0026747650321794813
265 0.009228130360205831
266 0.004369414101290963
267 0.005206524425921232
268 0.007406786293252837
269 0.009154968651167952
270 0.017531782091881224
271 0.007178488451551182
272 0.0030194734720456447
273 0.006006248653307477
274 0.003281997807545253
275 0.0037425348374253483
276 0.0011462450592885376
277 0.0017919740490765447
278 0.0015410054627777922
279 0.0020002431234735713
280 0.00935483870967742
281 0.0004914421284528046
282 0.006273729299397505
283 0.005240485956221615
284 0.002189817349325636
285 0.004266534881805453
286 0.00502596818386292
287 0.006087988666385879
288 0.00691117402245451
289 0.0008330129437395874
290 0.0020045340651473572
291 0.0022317020184066043
292 0.010772175932464026
293 0.0028636214876805836
294 0.0010157646676418007
295 0.011493798487918169
296 0.006955260345090854
297 0.005096005096005096
298 0.008225431044222992
299 0.0020369913133263004
300 0.001976960237829803
301 0.007153931339977852
302 0.0029335621511811256
303 0.010245229820995346
304 0.005871733789920343
305 0.004063848144952546
306 0.0014357655630558234
307 0.003986502309935918
308 0.0025540420491560563
309 0.014107790806819932
310 0.0031736089362146363
311 0.002920858832071362
312 0.008110726358314783
313 0.00824117309740313
314 0.006822205490323762
315 0.002052370842179759
316 0.010052910052910053
317 0.00787645250169708
318 0.019879769061365394
319 0.002917923542516906
320 0.0010579937304075234
321 0.012339369158878505
322 0.0036929847111538644
323 0.005730438628540661
324 0.0005446623093681917
326 0.010407424885952492
327 0.01079904692219658
328 0.008349183262474826
329 0.0023208210805512313
330 0.01343833471493046
331 0.000018309988098507736
332 0.016206821242674627
333 0.009370816599732263
334 0.001996007984031936
335 0.0016921381118360293
336 0.0014658848614072495
337 0.003927776600254345
338 0.001492458694010851
339 0.0023913005533155295
340 0.003331598125976054
341 0.006907020872865275
342 0.002130815798048396
343 0.005685983666649617
344 0.0024069428435826157
345 0.0028592293000786434
346 0.023221915054033676
347 0.0004164515000583032
348 0.0038788962867269535
349 0.015671486128950807
350 0.002239050347932869
351 0.0008547008547008547
352 0.0007608132608132608
353 0.001875160958022148
354 0.001388422080312415
355 0.0049919100289117
356 0.005871182149074221
357 0.008576464293582602
358 0.007511384442044975
359 0.0002956692239460949
360 0.005416279789538843
361 0.0017428439519852263
362 0.009708044464170021
363 0.006301082142367929
364 0.0048209366391184574
365 0.0005795574288724974
366 0.005873693140704145
367 0.008422546815364076
368 0.0013031631323302925
369 0.007975433015199717
370 0
371 0.0007284912945290303
372 0.0016230472712517752
374 0.005164800504652263
375 0.0010267379679144385
376 0.0038226950354609927
377 0.00034567413510920483
378 0.0035647621854518405
379 0.0032807024891457607
380 0.0037633661991390084
381 0.007445779803840309
382 0.0014703659424770857
383 0.0005878091124082403
384 0.005942667536988686
385 0.0005411255411255411
386 0.0013121593432474262
387 0.0022425727329932654
388 0.003549641705959136
389 0.0018087615614978932
390 0.01183178432535759
391 0.000327890353465801
392 0.0013505402160864347
393 0.0033461858025653013
395 0.0019276489108783653
396 0.00035161744022503517
397 0.0010177340152151236
398 0.0018438118383690071
399 0.0017212209753865403
400 0.002030075187969925
401 0.0007481296758104738
402 0.0013399337477202516
403 0.0004938088712763724
404 0.005364059979198913
405 0.0015401540154015402
406 0.0022684424983275557
407 0.021338400648745478
408 0.001969215204509322
409 0.008674313246080829
410 0.0004174369372055579
412 0.010334727045094843
413 0.001786595829709208
414 0.0020206805394719913
415 0.01499330655957162
416 0.010852062094531975
417 0.008128112894299945
419 0.0030146966461499815
424 0.0028695897824761733
425 0.003335183129855716
426 0.004584368958851146
427 0.005299556904267133
428 0.006303486616034494
429 0.0029382611158312094
430 0.03121374749281726
431 0.01827370995881221
432 0.0030532998195411188
434 0.0017294409382616193
435 0.003554213676571852
436 0.00254138985553095
437 0.0014100868445545455
438 0.003813882532418002
440 0.002681714640712363
441 0.005086580086580086
442 0.00012312617354634162
443 0.0017568409548226304
446 0.006439260341613342
447 0.00064706413458934
448 0.006077221156919143
449 0.0017200922685332485
450 0.0043612967087354616
451 0.0006504065040650406
453 0.008673738498505537
454 0.010852758409429062
455 0.0015007019412305756
456 0.007875457875457875
457 0.0008093720808220404
458 0.0028443204367449254
459 0.004366812227074236
461 0.0016976327454494011
463 0.0053855431825194245
464 0.0003910032025024205
465 0.007684464219503152
466 0.0004614887627486271
467 0.005174109235279522
468 0.01032687274657296
470 0.0010161956176563988
471 0.005610516330126034
472 0.005919608478174817
473 0.0012362489697925253
475 0.003111999407802206
476 0.004568774878372402
477 0.0035014005602240898
478 0.0012543529556239747
479 0.004581546282789284
480 0.00211812804453723
482 0.001457889424694404
483 0.0022465056742523816
484 0.0038755710692469584
485 0.004668995484365681
486 0.0036881478653147223
487 0.006663793613371528
488 0.00010098629952536439
489 0.0023215662610211536
491 0.0016210150047799158
492 0.003204013710198202
493 0.007192840691084396
496 0.006842619745845552
497 0.009240929447653664
499 0.007798729990100684
500 0.0020841683366733467
501 0.005125748502994012
502 0.0016858712853178106
503 0.008471085835584105
504 0.011928429423459244
507 0.006622697258148763
513 0.00028935185185185184
514 0.0016610917696316017
515 0.0020059687960409505
516 0.009253405584405811
518 0.008531051084242574
519 0.00327627379650501
521 0.006872877602244205
524 0
525 0.00645098751968981
526 0.00014484881405033497
527 0.005302992041904459
530 0.000021400292470663765
531 0.0012649681981309739
532 0.0006159466462767087
533 0.0005148894750948666
535 0.015009275788442017
536 0.0014785883665783233
539 0.004258885034243504
540 0
541 0.000260149243513384
543 0.00044171712435356396
545 0.001645979492714517
546 0.006707665423261754
548 0.0014611884332590508
550 0.001814870011591323
551 0.006322389044712094
552 0.0005852336989400036
553 0.000013103755536336714
555 0.000052037597163950955
556 0.004925789098450969
557 0.005289125970318898
559 0.011887587281435744
560 0.0059385382059800665
561 0.007171504965622613
562 0.0007421927036748055
563 0.0004709139523270734
564 0.006618230603529723
567 0.000006232043923445572
568 0.0012544402215763717
569 0.003533503304537241
574 0.0039038984256708686
575 0.005197192344594253
579 0.012514118722771035
587 0.00472117727090371
588 0.000544681245581708
589 0.00106545164755206
590 0.002871859802595609
591 0.0006538759356448421
592 0.0013433484245666987
593 0.007172644820199627
594 0.004252758047024489
595 0.0022635316752963814
598 0.023512209878825567
601 0.0047698280643372155
604 0.0009005743907394595
607 0.00016855062771516032
608 0.002804452440821989
609 0.00007562008469449486
611 0.0005312441308255748
613 0.007335615050805531
615 0.0010804798601731945
616 0.0013092598458452117
618 0.0007867696810435714
619 0.003089856800037643
623 0.0007845039818738291
625 0.0008974358974358974
629 0.005612487721891993
631 0.0018765879304706563
633 0.006774051632771412
634 0.0022126870692361746
635 0.004580342283712959
639 0.0003900098606266649
641 0.003890405616224649
642 0.0004471206885658604
644 0.00022217285047767163
646 0.0017183862529099767
647 0.0012728429857259752
648 0.011749384624191424
649 0.014923243736803059
650 0.00014223065070522698
651 0.00635393280554571
653 0.0003992897340260619
655 0.00036884002147676074
656 0.001368460249487991
660 0.00386030257046949
661 0.0025214321734745334
662 0.0057223560384110864
663 0.00023695278715715894
664 0.0011448508967998692
666 0.001964370385423017
667 0.0023411717564641105
668 0.0005341640556967025
669 0.007375383761624733
673 0.0015566404868039342
675 0.0018859215298384438
676 0.002042515888669735
678 0.008348474747606785
679 0.00004344407227355863
681 0.005618899542195733
682 0.0045215548981358275
683 0.0016659295930065306
685 0.0007555384812395953
687 0.012188031794127507
689 0.0007847571471968137
690 0.004131170989251383
691 0.006076050252731811
692 0.0014346302167420927
694 0.0037301795226867274
695 0.0035121182592830636
696 0.005796741916811378
697 0.0005978000956480153
699 0.013789654479793073
700 0.00017576129164111997
701 0.0022355818218871
703 0.001685896422738528
704 0.0001899327557222294
709 0.0008127943391264852
713 0.002533211466032116
715 0.0009559068382597795
716 0.00028128296284720864
717 0.00012077012380885596
719 0.00043003087699179844
726 0.0016167949083309584
728 0.0006499690131051892
729 0.0013076772336031595
732 0.00010839257548234696
734 0.002230392065751958
737 0.000036870981063064125
738 0.0004964093060197902
741 0.004867418025312762
742 0.012753218314290807
744 0.00027496779982344173
748 0.003939107589001282
750 0.0017623497997329774
754 0.005154742069153389
757 0.007702361731423819
759 0.0037683245208770047
760 0.001553290340475695
761 0.0016425755584756898
762 0.0014778868804342952
763 0.004520077192185839
774 0.0016881106865763444
775 0.0057247645244644495
777 0.0043054836869269855
779 0.0007622982467140326
781 0.0009914967661446535
787 0.011904646433294211
789 0.0033454929133453
790 0.0001347644029455648
791 0.0037414584966954183
792 0.00031924810685872635
793 0.004496414332479906
795 0.00020277870189946612
796 0.00024967605322208527
800 0.0004755944931163955
808 0.0016609002907725717
811 0.0023975887107822993
812 0.0025572029908948997
814 0.0018979059569465473
815 0.00007536817352768273
821 0.0004129407920144975
822 0.0019263197512973023
825 0.0013484358144552318
826 0.00035806001907696825
830 0.0003691484877992065
839 0.01177672021186718
844 0.0008432983083435934
845 0.006584592949886424
847 0.0004284346644114536
848 0.003451415651244125
851 0.0014902882422064008
853 0.002988623416937734
855 0.002766479039127874
857 0.0035360254746507596
863 0.000629111742612642
865 0.0006690216227788482
878 0.008893437193995891
880 0.001945651049746613
881 0.000492725208956764
889 0.0037191297033816718
903 0.002669102498938007
904 0.001036368447358363
905 0.0001222314574878991
909 0.0014853908298318819
914 0.00021570267543218427
918 0.006060778849283564
919 0.00023943805547850863
925 0.0007745407745407745
927 0.003040533456352618
928 0.002185395975151583
934 0.008493014865358002
936 0.00794140500022853
937 0.00042643825994946594
942 0.0037363693590637416
943 0.000004502952811306014
947 0.00018976136949664123
956 0.0010230235054437117
960 0.0009471671880431005
971 0.008914181362608428
979 0.00013786447921692975
982 0.0002968831422277862
983 0.00004558140113083312
984 0.007632461879044018
988 0.00006768147865572278
990 0.0035624189314785878
991 0.0011599343587234607
997 0.00018932298904746368
998 0.008026082254780373
1000 0.012514514514514515
1001 0.00018381618381618382
1006 0.008834554859895354
1007 0.003411507124087649
1024 0.0024418835532746823
1027 0.0002030934742460392
1036 0.004713409061235148
1041 0.00025308505135594473
1042 0.0031897573756225098
1043 0.00008833223224752164
1051 0.006854243124461964
1052 0.00043775075701938765
1053 0.0018541989391165563
1054 0.002423724751365485
1057 0.0013402712078208767
1068 0.0022377136358371157
1072 0.0016914726089440751
1075 0.000074487895716946
1081 0.00045054304998800833
1082 0.0010840923975028256
1083 0.001855255904134302
1092 0.0005925940848030673
1101 0.0016860705144083892
1104 0.0022189154742664934
1111 0.00000973070280000973
1113 0.00005494256885596644
1122 0.0012275772363928947
1132 0.0012528391960583993
1135 0.0001414042530048404
1137 0.00040259145019634076
1138 0.00046371220165916226
1140 0.0005991713260323768
1143 0.005019512665995559
1144 0.0008963040459103451
1151 0.0009232047746760851
1170 0.003920364399406315
1172 0.000010201018353089306
1190 0.0006827289368228368
1198 0.0028772543490055134
1207 0.0003998235829963686
1208 0.0001755762467285207
1216 0.000024366471734892787
1217 0.0002838083293690265
1221 0.001519850700178569
1229 0.0018274437255998495
1234 0.00022477492931419985
1235 0.00121391872650083
1239 0.00029728492804531245
1241 0.00006628369421122404
1246 0.000034810187781624086
1257 0.001546752200416521
1259 0.0010670390990906806
1263 0.003908009631684679
1271 0.008448924214921601
1275 0.005181149382830055
1307 0.003085049169801903
1309 0.0006039112892863567
1325 0.0021319044633187024
1331 0.0016867864627760235
1340 0.000276437082697045
1342 0.002534976789570254
1343 0.0012140002862998846
1355 0.0006649697220753596
1363 0.0009308308635072285
1365 0.0006079941563812532
1393 0.0008210180623973727
1415 0.0009416186444489981
1424 0.00006514169305234234
1426 0.00008661204202652494
1433 0.004184096340450748
1453 0.0006768555226291572
1457 0.002168387549307247
1463 0.0014558844568204493
1479 0.002162892127127553
1492 0.00005124581267767463
1502 0.0003699264848733778
1521 0.003609121422886605
1530 0.001434574265721113
1531 0.00032701083917128793
1541 0.001961114809914291
1561 0.00019793360600535488
1582 0.0002814714238535837
1622 0.0013075912556451202
1644 0.0015275303469855896
1666 0.001626596584579778
1667 0.0034955793955254565
1681 0.0008788702869607093
1686 0.00030905590110211163
1696 0.01103063950576056
1726 0.00006650209078542999
1738 0.0007221158923133082
1747 0.0011120356218580567
1755 0.0012208155879763634
1756 0.00011357072860489717
1792 0.00010095118449389807
1802 0.0009662901545016611
1817 0.00010788951144234942
1828 0.0003395457632234211
1853 0.0007290728128689802
1854 0.0002212220656202863
1872 0.00047394555678895606
1874 0.0001435896617722725
1876 0.0017080312722103767
1892 0.0001721741910887558
1893 0.00018316061510695352
1894 0.0003843426931098902
1897 0.0035610301853470612
1902 0.00016317716448977266
1905 0.002358344912768257
1955 0.0008565288070637449
1973 0.0002986566106946825
1982 0.0003810162232429065
1986 0.00001978585615682574
1991 0.0011418216143500022
1993 0.0033289202973459317
2002 0.0013819264194076788
2010 0.000583444153052557
2029 0.00002527454474226283
2052 0.00009931921194719829
2053 0.00012201038939829413
2055 0.0010698962560738408
2060 0.00012636919609387156
2074 0.0023054368956426964
2090 0.0018955522319005224
2112 0.0007554225342003646
2147 0.00011893749747691897
2166 0.00009638780310445495
2183 0.0027900789913560035
2189 0.0003332267119209142
2217 0.001158589110402225
2256 0.0016087182148417228
2260 0.0008422553639914286
2271 0.0037263562598323623
2288 0.0003264116731541305
2316 0.000693457476769734
2326 0.0018084486727872853
2337 0.0014082566925164566
2391 0.0015703938584195616
2402 0.0004584545504041648
2433 0.0011302918207973696
2459 0.0009675356067331743
2524 0.00040043642859700267
2532 0.00002902398879486781
2581 0.00038624534087803236
2599 0.0026767564122044925
2609 0.007840662454410993
2689 0.0008140528431528803
2710 0.0017037645459511074
2724 0.00033272881307489416
2751 0.0019015895046429398
2775 0.0009623466292536227
2776 0.0017480592984915751
2777 0.00010066219117721838
2831 0.0014878184861446904
2834 0.0008188102664409106
2931 0.0001222660439249496
2971 0.0008479272700073777
3086 0.0008421994661938529
3269 0.0009188351087868568
3493 0.0003610559361235972
3611 0.0001281096311593308
4012 0.00015050833537781072
4157 0.0007491104096827064
4161 0.00025615606455548775
4235 0.00007718480686230933
4269 0.0012527927959968589
4315 0.0019564961635592116
4587 0.000011123797310722172
4716 0.0005930039386686599
5261 0.00046883480782253803
6027 0.0003015526270735116
6625 0.000034864643150123053
7883 0.00017359310002673908
10430 0.00039373209540804934
11194 0.000022171773589126962
14507 0.0005204464874119874
28576 0.00019312745481282924