0 303887
1 30555
2 9824
3 6186
4 3371
5 2418
6 1960
7 1403
8 1111
9 978
10 831
11 690
12 602
13 506
14 481
15 406
16 338
17 330
18 325
19 280
20 236
21 226
22 217
23 212
24 188
25 193
26 141
27 154
28 159
29 132
30 126
31 120
32 123
33 135
34 103
35 93
36 100
37 95
38 94
39 90
40 89
41 91
42 82
43 87
44 60
45 67
46 59
47 58
48 65
49 57
50 51
51 50
52 59
53 54
54 52
55 57
56 43
57 58
58 42
59 45
60 42
61 44
62 33
63 42
64 41
65 30
66 43
67 35
68 31
69 41
70 38
71 36
72 42
73 25
74 32
75 35
76 28
77 26
78 32
79 34
80 27
81 28
82 22
83 25
84 25
85 24
86 25
87 33
88 30
89 24
90 21
91 30
92 27
93 26
94 17
95 13
96 15
97 20
98 13
99 20
100 22
101 21
102 16
103 18
104 22
105 22
106 18
107 20
108 23
109 20
110 23
111 22
112 11
113 13
114 13
115 16
116 10
117 9
118 19
119 23
120 14
121 11
122 7
123 15
124 9
125 22
126 14
127 18
128 11
129 14
130 18
131 21
132 22
133 12
134 10
135 8
136 13
137 12
138 12
139 11
140 8
141 6
142 14
143 8
144 9
145 17
146 13
147 14
148 12
149 11
150 14
151 10
152 11
153 11
154 4
155 8
156 5
157 7
158 9
159 11
160 12
161 6
162 7
163 5
164 1
165 7
166 10
167 13
168 7
169 9
170 8
171 4
172 10
173 4
174 4
175 10
176 12
177 13
178 9
179 8
180 7
181 11
182 10
183 8
184 9
185 12
186 9
187 8
188 7
189 5
190 6
191 6
192 6
193 7
194 9
195 6
196 4
197 5
198 6
199 3
200 4
201 11
202 7
203 6
204 1
205 12
206 1
207 7
208 4
209 18
210 9
211 5
212 7
213 7
214 4
215 7
216 2
217 3
218 13
219 11
220 7
221 12
222 10
223 7
225 3
226 10
227 6
228 7
229 5
230 7
231 5
232 8
233 9
234 4
235 7
236 7
237 5
238 4
239 8
240 6
241 4
242 5
243 2
244 5
245 5
246 6
247 5
248 9
249 5
250 5
251 5
252 8
253 3
254 2
255 3
256 2
257 3
258 5
259 5
260 5
261 4
262 6
263 4
264 3
265 9
266 6
267 3
268 4
269 9
270 4
271 3
272 4
273 5
274 4
275 4
276 2
277 7
278 6
279 3
280 3
281 3
282 4
283 4
284 6
285 4
286 1
287 5
288 8
289 2
290 4
291 1
292 3
293 3
294 4
295 3
296 4
297 3
298 3
299 4
300 4
301 2
302 5
303 4
305 4
306 3
307 5
308 1
309 3
311 5
312 5
313 4
314 4
315 2
316 4
317 4
319 1
320 2
322 3
323 2
324 3
325 5
329 1
330 6
331 2
333 2
334 2
335 3
336 1
337 3
338 3
339 1
340 2
341 3
342 2
343 4
344 2
346 4
347 2
348 4
349 1
350 1
351 2
352 4
353 4
354 3
355 2
356 1
357 5
359 3
360 3
362 2
363 1
364 1
365 1
366 1
367 5
368 5
369 2
373 1
375 3
376 1
377 2
378 2
380 3
381 1
382 5
383 1
384 5
385 3
386 2
387 1
388 2
389 4
390 1
391 2
392 1
393 2
394 2
395 4
397 2
398 7
399 2
400 1
401 2
402 1
403 6
404 4
405 4
407 1
408 1
409 7
410 1
412 2
413 2
414 3
415 4
416 2
417 2
418 4
419 2
420 2
421 5
422 1
423 2
424 2
425 2
426 2
427 1
429 1
430 2
431 1
432 2
434 3
436 3
437 4
438 8
439 1
440 1
442 1
443 4
444 1
445 2
446 2
447 1
448 1
449 2
450 1
451 2
452 5
453 2
454 4
455 2
456 2
457 3
458 2
462 1
463 1
464 4
465 2
467 1
468 2
469 3
470 2
471 3
474 1
476 2
478 1
479 4
480 2
481 1
482 3
483 1
484 1
485 4
486 1
487 1
488 1
489 1
491 5
492 1
493 3
494 4
495 3
496 2
498 2
499 3
500 2
501 1
502 2
503 1
504 3
505 1
506 4
509 2
511 4
512 3
513 1
514 1
515 1
516 1
517 1
518 1
519 3
520 1
521 4
522 2
524 2
525 2
526 2
528 3
530 1
531 3
532 4
533 1
534 1
536 1
537 1
539 2
541 2
543 2
544 1
545 1
547 1
548 1
549 2
550 1
551 1
552 2
553 3
554 1
555 3
556 1
558 1
559 2
562 1
563 4
565 1
567 2
569 3
570 1
573 1
574 1
576 3
577 1
578 1
579 3
580 1
581 1
582 2
584 1
585 1
586 2
587 1
588 2
589 1
590 1
591 1
592 1
594 2
595 1
596 1
597 1
599 2
603 1
604 2
605 2
606 1
607 2
608 1
609 1
610 2
611 4
615 1
616 1
617 2
618 1
621 1
622 1
623 3
625 2
628 2
629 1
630 1
631 2
633 1
634 2
635 2
637 2
638 3
639 2
640 1
641 1
642 2
643 1
646 1
647 1
648 2
649 2
650 1
651 1
652 1
653 3
654 1
655 1
659 1
660 1
661 2
668 1
672 2
673 1
676 1
677 1
680 1
682 1
684 3
685 1
688 1
692 1
694 1
695 1
696 2
697 1
700 2
702 1
704 1
705 1
706 1
707 2
708 1
709 1
710 1
713 1
718 1
719 1
720 1
721 1
722 2
727 2
728 1
729 2
730 1
733 2
734 2
735 1
736 1
738 1
739 1
742 1
743 2
744 2
750 1
751 1
752 1
753 1
754 1
755 1
757 2
761 1
763 3
764 2
765 1
766 2
767 1
771 2
772 2
773 1
774 1
775 3
777 1
779 3
782 2
783 1
785 1
786 1
787 1
788 3
789 1
790 1
793 1
795 1
797 1
799 2
802 2
803 1
804 2
805 1
808 2
811 1
813 1
815 2
817 4
819 1
822 1
824 1
826 2
829 1
830 1
834 1
835 1
837 1
838 1
840 1
848 1
849 1
851 1
852 2
853 1
854 1
856 2
858 1
859 1
867 1
868 1
873 1
875 1
877 2
878 1
879 1
883 1
884 1
885 1
888 2
891 2
892 1
893 1
895 1
899 1
902 2
903 1
906 1
908 1
909 1
912 1
915 1
917 1
919 3
923 1
925 1
926 2
929 3
940 1
941 3
943 2
944 1
945 1
955 1
958 1
960 2
968 1
975 1
985 1
991 1
992 2
995 2
999 1
1003 1
1008 2
1009 2
1010 2
1013 1
1015 1
1016 1
1023 1
1025 1
1026 1
1027 2
1028 1
1029 2
1030 1
1039 1
1045 1
1052 1
1054 2
1057 1
1062 1
1064 1
1065 1
1068 2
1074 2
1077 1
1079 1
1081 1
1083 1
1084 1
1086 1
1088 1
1094 1
1096 2
1099 3
1102 1
1108 1
1114 1
1121 1
1124 1
1131 1
1132 2
1137 1
1142 1
1145 1
1147 1
1156 2
1161 1
1163 1
1166 1
1169 1
1173 1
1176 1
1178 1
1181 1
1182 1
1187 1
1190 1
1196 1
1203 1
1210 1
1215 1
1226 1
1228 1
1232 1
1236 1
1242 1
1244 1
1245 1
1247 1
1248 1
1258 1
1260 1
1266 1
1270 1
1272 1
1279 1
1281 1
1289 2
1293 1
1294 1
1296 1
1302 1
1304 1
1305 2
1307 1
1315 1
1321 1
1323 1
1325 1
1337 1
1338 1
1341 1
1352 1
1355 1
1356 1
1357 1
1361 1
1364 1
1368 1
1378 2
1383 1
1387 1
1388 1
1389 2
1391 1
1399 1
1405 1
1407 1
1409 2
1410 2
1413 2
1430 2
1439 1
1441 1
1443 1
1444 2
1456 1
1457 1
1463 1
1464 1
1477 1
1481 1
1483 1
1484 1
1486 1
1500 2
1505 1
1507 1
1509 1
1512 1
1519 1
1524 1
1525 1
1526 1
1530 1
1532 1
1534 1
1542 1
1544 1
1550 1
1554 1
1561 1
1563 1
1570 1
1573 1
1581 1
1595 1
1620 1
1626 1
1629 1
1631 1
1638 2
1639 1
1640 1
1651 1
1653 1
1661 1
1663 1
1678 1
1684 1
1686 1
1693 1
1699 1
1700 1
1702 1
1704 1
1706 1
1720 1
1734 1
1736 1
1737 1
1744 1
1747 1
1751 1
1752 1
1758 1
1760 1
1767 1
1782 1
1784 1
1806 1
1810 2
1813 1
1823 1
1831 1
1834 1
1852 1
1861 1
1864 1
1875 1
1882 1
1897 1
1900 1
1901 1
1902 1
1913 1
1932 1
1939 1
1942 1
1952 1
1958 1
1960 1
1966 1
1972 1
1974 1
1977 1
1983 1
1986 1
1992 1
1994 1
1998 2
2001 1
2003 1
2006 1
2009 1
2011 1
2012 1
2021 1
2029 1
2062 1
2074 1
2077 1
2081 1
2094 1
2100 1
2104 2
2117 1
2135 1
2137 1
2151 1
2152 1
2157 2
2168 1
2182 1
2202 1
2207 1
2214 1
2228 1
2244 1
2246 1
2248 1
2249 1
2258 1
2259 1
2266 1
2269 1
2274 1
2278 1
2298 1
2318 1
2326 1
2332 1
2338 1
2347 1
2349 1
2363 1
2364 1
2371 1
2375 1
2378 1
2384 1
2392 1
2393 1
2418 1
2419 1
2435 1
2467 2
2484 1
2562 1
2583 1
2586 1
2591 1
2600 1
2634 1
2637 1
2658 1
2662 1
2669 1
2670 1
2689 1
2693 1
2702 1
2704 1
2722 1
2733 1
2752 1
2764 1
2796 1
2824 1
2826 1
2854 1
2874 1
2879 1
2883 1
2897 1
2900 1
2971 1
3002 1
3006 1
3016 1
3036 1
3049 1
3087 1
3094 1
3114 1
3133 1
3149 1
3178 1
3192 1
3202 1
3209 1
3283 1
3349 1
3390 1
3423 1
3428 1
3444 1
3485 1
3492 1
3508 1
3549 1
3586 1
3602 1
3690 1
3692 1
3770 1
3792 1
3795 1
3798 1
3844 1
3851 1
3920 1
3955 1
4008 1
4106 1
4171 1
4188 1
4246 1
4254 1
4278 1
4285 1
4294 1
4298 1
4416 1
4463 1
4469 1
4493 1
4496 1
4500 1
4510 1
4517 1
4562 1
4563 1
4603 1
4634 1
4663 1
4706 2
4717 1
4730 1
4784 1
4814 1
4925 1
4983 1
5011 1
5017 1
5122 1
5124 1
5153 1
5168 1
5176 1
5311 1
5392 1
5426 1
5463 1
5490 1
5757 1
5832 1
6017 1
6063 1
6138 1
6236 1
6276 1
6334 1
6435 1
6506 1
6615 1
6690 1
6776 1
6851 1
6926 1
6938 1
7068 1
7083 1
7215 1
7412 1
7729 1
7832 1
7837 1
7843 1
7875 1
7890 1
7913 1
8101 1
8385 1
8418 1
8489 1
8554 1
9155 1
9165 1
9187 1
9392 1
9521 1
9648 1
9945 1
9983 1
10284 1
10747 1
10873 1
11254 1
12244 1
12388 1
12755 1
13030 1
13215 1
13295 1
13403 1
13459 1
13463 1
13520 1
14347 1
14713 1
15928 1
18556 1
19098 1
25615 1
30934 1
35542 1
46207 1
53542 1
116572 1
152258 1