1 158380
2 67826
3 37360
4 23254
5 15182
6 10908
7 8500
8 6315
9 5092
10 4016
11 3382
12 2793
13 2378
14 2113
15 1775
16 1558
17 1397
18 1274
19 1106
20 964
21 928
22 783
23 765
24 712
25 615
26 603
27 542
28 472
29 506
30 456
31 394
32 387
33 387
34 348
35 321
36 315
37 285
38 272
39 266
40 238
41 251
42 226
43 181
44 203
45 184
46 189
47 179
48 184
49 180
50 172
51 139
52 173
53 159
54 119
55 133
56 137
57 135
58 116
59 119
60 110
61 110
62 114
63 99
64 108
65 81
66 98
67 99
68 87
69 87
70 75
71 88
72 85
73 79
74 79
75 77
76 62
77 68
78 66
79 75
80 61
81 69
82 69
83 77
84 53
85 53
86 56
87 58
88 48
89 49
90 46
91 44
92 52
93 67
94 34
95 38
96 35
97 44
98 45
99 42
100 29
101 46
102 46
103 31
104 34
105 45
106 34
107 31
108 43
109 32
110 36
111 30
112 27
113 31
114 37
115 21
116 28
117 23
118 33
119 25
120 34
121 30
122 21
123 16
124 23
125 26
126 26
127 24
128 19
129 21
130 30
131 22
132 30
133 20
134 24
135 19
136 26
137 17
138 20
139 21
140 26
141 24
142 18
143 24
144 19
145 20
146 18
147 19
148 17
149 11
150 19
151 24
152 19
153 12
154 20
155 13
156 12
157 16
158 17
159 14
160 19
161 15
162 18
163 15
164 28
165 14
166 20
167 13
168 21
169 15
170 13
171 18
172 5
173 15
174 11
175 18
176 10
177 13
178 14
179 19
180 9
181 14
182 11
183 12
184 11
185 13
186 10
187 11
188 14
189 9
190 9
191 16
192 9
193 10
194 7
195 4
196 10
197 11
198 7
199 13
200 7
201 10
202 10
203 6
204 10
205 9
206 14
207 12
208 12
209 10
210 11
211 8
212 13
213 6
214 7
215 8
216 5
217 12
218 11
219 10
220 3
221 7
222 6
223 11
224 7
225 3
226 12
227 7
228 8
229 9
230 10
231 8
232 6
233 8
234 5
235 8
236 8
237 1
238 4
239 9
240 6
241 11
242 7
243 10
244 6
245 9
246 10
247 4
248 7
249 6
250 6
251 5
252 4
253 4
254 4
255 8
256 1
257 3
258 4
259 2
260 7
261 10
262 3
263 7
264 7
265 5
266 1
267 9
268 4
269 6
270 6
271 8
272 7
273 5
274 4
275 11
276 4
277 4
278 3
279 7
280 5
281 6
282 7
283 9
284 2
285 6
286 6
287 7
288 8
289 3
290 3
291 6
292 3
293 6
294 4
295 7
296 9
297 3
298 6
299 4
300 3
301 4
302 3
303 4
304 7
305 5
306 6
307 8
308 8
309 3
310 7
311 5
312 2
313 5
314 4
315 4
316 3
317 4
318 1
319 2
320 3
321 4
322 7
323 4
324 2
326 3
327 5
328 4
329 9
330 2
331 1
332 2
333 1
334 4
335 3
336 4
337 8
338 2
339 1
340 2
341 5
342 4
343 2
344 1
345 3
346 1
347 1
348 5
349 3
350 4
351 2
352 3
353 2
354 4
355 3
356 4
357 4
358 1
359 2
360 4
361 4
362 3
363 2
364 2
365 2
366 3
367 3
368 2
369 2
370 1
371 1
372 1
374 4
375 1
376 2
377 2
378 1
379 1
380 1
381 1
382 1
383 2
384 5
385 1
386 2
387 2
388 2
389 2
390 2
391 1
392 2
393 4
395 4
396 2
397 3
398 3
399 3
400 1
401 2
402 2
403 1
404 3
405 1
406 4
407 1
408 2
409 4
410 2
412 1
413 1
414 4
415 2
416 4
417 1
419 3
424 3
425 2
426 3
427 3
428 2
429 4
430 1
431 3
432 4
434 2
435 2
436 3
437 3
438 3
440 1
441 2
442 2
443 2
446 2
447 2
448 2
449 1
450 5
451 1
453 1
454 1
455 2
456 1
457 3
458 3
459 4
461 2
463 1
464 2
465 2
466 1
467 2
468 2
470 1
471 3
472 4
473 1
475 3
476 2
477 4
478 1
479 2
480 2
482 1
483 2
484 1
485 1
486 3
487 5
488 1
489 3
491 3
492 2
493 3
496 2
497 1
499 1
500 2
501 4
502 1
503 2
504 1
507 2
513 1
514 1
515 2
516 2
518 3
519 5
521 1
524 1
525 3
526 2
527 3
530 1
531 1
532 1
533 1
535 1
536 1
539 4
540 1
541 1
543 1
545 3
546 1
548 1
550 1
551 2
552 1
553 1
555 1
556 3
557 1
559 1
560 2
561 2
562 2
563 2
564 4
567 1
568 1
569 2
574 1
575 3
579 1
587 3
588 1
589 2
590 2
591 1
592 1
593 1
594 1
595 1
598 1
601 1
604 1
607 2
608 2
609 1
611 1
613 2
615 1
616 1
618 1
619 4
623 1
625 1
629 2
631 2
633 1
634 1
635 1
639 2
641 1
642 1
644 1
646 1
647 1
648 1
649 1
650 1
651 3
653 1
655 1
656 1
660 2
661 1
662 1
663 1
664 1
666 1
667 1
668 1
669 2
673 1
675 1
676 1
678 1
679 1
681 2
682 1
683 1
685 1
687 1
689 1
690 1
691 2
692 1
694 1
695 1
696 2
697 2
699 1
700 1
701 2
703 1
704 1
709 1
713 2
715 1
716 1
717 1
719 1
726 2
728 1
729 1
732 1
734 1
737 1
738 1
741 2
742 1
744 2
748 2
750 1
754 3
757 1
759 2
760 1
761 1
762 2
763 1
774 1
775 1
777 1
779 1
781 1
787 1
789 1
790 1
791 1
792 1
793 1
795 1
796 2
800 2
808 2
811 2
812 1
814 1
815 1
821 1
822 1
825 3
826 1
830 1
839 1
844 1
845 1
847 2
848 2
851 1
853 1
855 1
857 1
863 1
865 1
878 1
880 4
881 1
889 1
903 2
904 2
905 1
909 1
914 1
918 1
919 2
925 1
927 1
928 2
934 2
936 1
937 1
942 1
943 1
947 1
956 1
960 2
971 1
979 1
982 1
983 1
984 3
988 1
990 1
991 1
997 1
998 1
1000 1
1001 1
1006 1
1007 1
1024 1
1027 1
1036 1
1041 1
1042 1
1043 1
1051 1
1052 1
1053 1
1054 1
1057 1
1068 1
1072 2
1075 1
1081 1
1082 1
1083 1
1092 1
1101 1
1104 2
1111 1
1113 1
1122 1
1132 1
1135 1
1137 1
1138 1
1140 2
1143 1
1144 1
1151 1
1170 1
1172 1
1190 1
1198 1
1207 1
1208 1
1216 1
1217 1
1221 1
1229 1
1234 1
1235 1
1239 1
1241 1
1246 1
1257 1
1259 1
1263 2
1271 1
1275 1
1307 1
1309 1
1325 1
1331 1
1340 1
1342 1
1343 1
1355 1
1363 1
1365 1
1393 1
1415 1
1424 1
1426 1
1433 1
1453 1
1457 1
1463 1
1479 1
1492 1
1502 1
1521 1
1530 1
1531 1
1541 1
1561 1
1582 1
1622 1
1644 1
1666 1
1667 1
1681 1
1686 1
1696 1
1726 1
1738 1
1747 2
1755 1
1756 1
1792 1
1802 1
1817 1
1828 1
1853 1
1854 1
1872 1
1874 1
1876 2
1892 1
1893 1
1894 1
1897 1
1902 1
1905 1
1955 1
1973 1
1982 1
1986 1
1991 1
1993 1
2002 1
2010 1
2029 1
2052 1
2053 1
2055 1
2060 1
2074 1
2090 1
2112 1
2147 1
2166 1
2183 1
2189 1
2217 1
2256 1
2260 1
2271 1
2288 1
2316 1
2326 2
2337 1
2391 1
2402 1
2433 1
2459 1
2524 1
2532 1
2581 1
2599 1
2609 1
2689 1
2710 1
2724 1
2751 1
2775 1
2776 1
2777 1
2831 1
2834 1
2931 1
2971 1
3086 1
3269 1
3493 1
3611 1
4012 1
4157 1
4161 1
4235 1
4269 1
4315 1
4587 1
4716 1
5261 1
6027 1
6625 1
7883 1
10430 1
11194 1
14507 1
28576 1